############################
   Wavenumber   Sampling
----------------------------
Factor to cgs units: 1
Initial value: 2857.14
Final value: 4000
Spacing: 0.2
Oversample: 1
Number of elements: 5715
############################
   Wavelength   Sampling
----------------------------
Factor to cgs units: 0.0001
Initial value: 2.5
Final value: 3.5
Spacing: 0.005
Oversample: 100
Number of elements: 19901
############################
   Radius       Sampling
----------------------------
Factor to cgs units: 100000
Initial value: 87561.7
Final value: 100495
Spacing: 100
Number of elements: 130
Values:      87561.69     87661.69     87761.69     87861.69     87961.69     88061.69     88161.69     88261.69     88361.69     88461.69     88561.69     88661.69     88761.69     88861.69     88961.69     89061.69     89161.69     89261.69     89361.69     89461.69     89561.69     89661.69     89761.69     89861.69     89961.69     90061.69     90161.69     90261.69     90361.69     90461.69     90561.69     90661.69     90761.69     90861.69     90961.69     91061.69     91161.69     91261.69     91361.69     91461.69     91561.69     91661.69     91761.69     91861.69     91961.69     92061.69     92161.69     92261.69     92361.69     92461.69     92561.69     92661.69     92761.69     92861.69     92961.69     93061.69     93161.69     93261.69     93361.69     93461.69     93561.69     93661.69     93761.69     93861.69     93961.69     94061.69     94161.69     94261.69     94361.69     94461.69     94561.69     94661.69     94761.69     94861.69     94961.69     95061.69     95161.69     95261.69     95361.69     95461.69     95561.69     95661.69     95761.69     95861.69     95961.69     96061.69     96161.69     96261.69     96361.69     96461.69     96561.69     96661.69     96761.69     96861.69     96961.69     97061.69     97161.69     97261.69     97361.69     97461.69     97561.69     97661.69     97761.69     97861.69     97961.69     98061.69     98161.69     98261.69     98361.69     98461.69     98561.69     98661.69     98761.69     98861.69     98961.69     99061.69     99161.69     99261.69     99361.69     99461.69     99561.69     99661.69     99761.69     99861.69     99961.69    100061.69    100161.69    100261.69    100361.69    100461.69
############################
   Impact parameter Sampling
----------------------------
Factor to cgs units: 100000
Initial value: 100462
Final value: 87561.7
Spacing: -100
Oversample: 1
Number of elements: 130
Values:     100461.69    100361.69    100261.69    100161.69    100061.69     99961.69     99861.69     99761.69     99661.69     99561.69     99461.69     99361.69     99261.69     99161.69     99061.69     98961.69     98861.69     98761.69     98661.69     98561.69     98461.69     98361.69     98261.69     98161.69     98061.69     97961.69     97861.69     97761.69     97661.69     97561.69     97461.69     97361.69     97261.69     97161.69     97061.69     96961.69     96861.69     96761.69     96661.69     96561.69     96461.69     96361.69     96261.69     96161.69     96061.69     95961.69     95861.69     95761.69     95661.69     95561.69     95461.69     95361.69     95261.69     95161.69     95061.69     94961.69     94861.69     94761.69     94661.69     94561.69     94461.69     94361.69     94261.69     94161.69     94061.69     93961.69     93861.69     93761.69     93661.69     93561.69     93461.69     93361.69     93261.69     93161.69     93061.69     92961.69     92861.69     92761.69     92661.69     92561.69     92461.69     92361.69     92261.69     92161.69     92061.69     91961.69     91861.69     91761.69     91661.69     91561.69     91461.69     91361.69     91261.69     91161.69     91061.69     90961.69     90861.69     90761.69     90661.69     90561.69     90461.69     90361.69     90261.69     90161.69     90061.69     89961.69     89861.69     89761.69     89661.69     89561.69     89461.69     89361.69     89261.69     89161.69     89061.69     88961.69     88861.69     88761.69     88661.69     88561.69     88461.69     88361.69     88261.69     88161.69     88061.69     87961.69     87861.69     87761.69     87661.69     87561.69
